593b8ee5014181fb87127925bba97946,2,26.5,26.4,27.2
74dae0bc5c0d469b8c74af55cf60c3e2,2,26.5,20.0,60.0
8a59b1695274495001270a1942b87708,2,26.1,20.1,21.3
f9c066309fee8cb34654dfa087af5a98,ba9e8d8d-7156-4335-a6e4-8e005c505911,26.1,29.1,24.0
7f5f6c00c858d345b9f8c2898cf58b8e,ba9e8d8d-7156-4335-a6e4-8e005c505911,25.6,38.8,29.3
7e89fcc1d06677906988eff201fbef8f,ba9e8d8d-7156-4335-a6e4-8e005c505911,38.1,33.6,38.4
aa77e5dbe2e3b0116a343563456d2b11,14,23.0,20.9,37.2
aa77e5dbe2e3b0116a343563456d2b11,27.8,26.6,32.4
98b4d9cfedb307609b161a3b47606909,15,20.3,34.7,34.5
3b917d62b1f79e3edf04654d7760c3a0,16,20.2,21.5,31.1
1b9b21a02a118ce996bd8b7ebc78aaed,17,21.6,27.6,33.7
b3279b8ce7c0d4a34833c9a5577ec676,18,36.9,26.8,24.5
1a543605b356e61831ec11ba255ecdce,4,30.2,26.1,27.2
